import image_handler as IH

Right_10_Left_20 = IH.Convolution_filter([[1] + [0] * 18] + [[0] * 10] * 58)

Inversion = IH.Convolution_filter([[-1]])

Gauss_11_Filter = IH.Convolution_filter([
    [0.00291502, 0.00489009, 0.00783241, 0.0118645, 0.01666792, 0.02163747, 0.02612471, 0.02942051, 0.0306787,
     0.02942051, 0.02612471],
    [0.00489009, 0.00820336, 0.01315646, 0.01995405, 0.02801464, 0.03631801, 0.04276253, 0.04566612, 0.04566612,
     0.04276253, 0.03631801],
    [0.00783241, 0.01315646, 0.02108534, 0.03207344, 0.04616781, 0.06234478, 0.07501179, 0.08065691, 0.07501179,
     0.06234478, 0.04616781],
    [0.0118645, 0.01995405, 0.03207344, 0.04883848, 0.0742997, 0.09756424, 0.1113035, 0.11450121, 0.1113035, 0.09756424,
     0.0742997],
    [0.01666792, 0.02801464, 0.04616781, 0.0742997, 0.11253603, 0.14985768, 0.16807774, 0.16929627, 0.16807774,
     0.14985768, 0.11253603],
    [0.02163747, 0.03631801, 0.06234478, 0.09756424, 0.14985768, 0.19685196, 0.21849048, 0.21849048, 0.19685196,
     0.14985768, 0.09756424],
    [0.02612471, 0.04276253, 0.07501179, 0.1113035, 0.16807774, 0.21849048, 0.24311784, 0.24311784, 0.21849048,
     0.16807774, 0.1113035],
    [0.02942051, 0.04566612, 0.08065691, 0.11450121, 0.16929627, 0.21849048, 0.24311784, 0.24311784, 0.21849048,
     0.16929627, 0.11450121],
    [0.0306787, 0.04566612, 0.07501179, 0.1113035, 0.16807774, 0.19685196, 0.21849048, 0.21849048, 0.19685196,
     0.14985768, 0.09756424],
    [0.02942051, 0.04276253, 0.06234478, 0.09756424, 0.14985768, 0.11253603, 0.0742997, 0.09756424, 0.1113035,
     0.0742997, 0.04616781],
    [0.02612471, 0.03631801, 0.04616781, 0.0742997, 0.11253603, 0.0742997, 0.04883848, 0.03207344, 0.02108534,
     0.01315646, 0.00783241]
])  # this majestic piece of list art was written by chatgpt... and it kinda works

Moving_diagonal_7 = IH.Convolution_filter([
    [100, 10, 1, 0, 1, 10, 100],
    [10, 100, 10, 1, 10, 100, 10],
    [1, 10, 100, 10, 100, 10, 1],
    [0, 1, 10, 100, 10, 1, 0],
    [1, 10, 100, 10, 100, 10, 1],
    [10, 100, 10, 1, 10, 100, 10],
    [100, 10, 1, 0, 1, 10, 100]
])

Sharpening_3 = IH.Convolution_filter([
    [0, -1, 0],
    [-1, 5, -1],
    [0, -1, 0]
])

Sobels_Vertical = IH.Convolution_filter([
    [-1, -2, -1],
    [0, 0, 0],
    [1, 2, 1]
])

Borderlines = IH.Convolution_filter([
    [-1, -1, -1],
    [-1, 8, -1],
    [-1, -1, -1]
])

iFilter = IH.Convolution_filter([
    [-1, -1, -1, -1, -1],
    [-1, -4, -4, -4, -1],
    [-1, -4, 48, -4, -1],
    [-1, -4, -4, -4, -1],
    [-1, -1, -1, -1, -1]
])
